cell, mean, sigma, rms, rms_relative, absolute_err
0 0.00031600174717378134 0.00016992429710965305 0.0003587915424938164 0.0005144680966034836 0.00031600174717378134 
1 0.00053337484737348 0.0002596464686233718 0.0005932158262211744 0.0007782874370860568 0.00053337484737348 
2 0.00048085992637489643 0.0002394917877417154 0.0005371988320808169 0.000946216253332924 0.00048085992637489643 
3 0.0004168472341056389 0.00024499251402260744 0.00048351106348111495 0.0006644998619383239 0.0004168472341056389 
4 0.0003540897379254061 0.00021391769150869792 0.0004136910939874017 0.0005245021216792288 0.0003540897379254061 
5 0.00036145208228873573 0.00022603490418149095 0.00042630902605879557 0.0006257857298653819 0.00036145208228873573 
6 0.0003681967364908293 0.00017869951989058923 0.00040927051588359543 0.0005248285374736199 0.0003681967364908293 
7 0.00040835517346334086 0.0002271382744179025 0.00046727480501287206 0.0005568496460781083 0.00040835517346334086 
8 0.00035408621301753404 0.00021040564788422572 0.00041188297234855353 0.0005529369596369054 0.00035408621301753404 
9 0.00034753524789474103 0.00019466275846102807 0.00039833947590078953 0.0004915494955983286 0.00034753524789474103 
10 0.00036618637902575377 0.00020430016666754042 0.000419322098492767 0.00051873366764635 0.00036618637902575377 
11 0.00029490763814912 0.00018143928191052068 0.00034625240513084913 0.00044245398585332393 0.00029490763814912 
12 0.00036151351167126454 0.00020335230443628533 0.0004147820859685688 0.00056174553389422 0.00036151351167126454 
13 0.00040252145385520275 0.00018017409860538613 0.0004410059258354354 0.0007433862126115898 0.00040252145385520275 
14 5.699472651296846 15.35246007422174 16.376263885070166 23.843218842997985 5.699472651296846 
15 0.0003360430862321481 0.0002009160247845828 0.00039152548425315303 0.0004504971945701599 0.0003360430862321481 
16 0.0003739653301410363 0.00020265721666055437 0.000425346935585643 0.0006070234639332458 0.0003739653301410363 
17 0.0003250417951924359 0.00019294483960937716 0.00037799454989961124 0.0005392726605077577 0.0003250417951924359 
18 0.0003742069254970916 0.00020977869167992127 0.0004289964132401637 0.0005094063170739731 0.0003742069254970916 
19 0.0004321958712077756 0.0002290095445166767 0.0004891202741338616 0.000532879968206822 0.0004321958712077756 
20 0.00038881226693242364 0.0001841307618065436 0.0004302082244223003 0.0006439738091105794 0.00038881226693242364 
21 0.0003717312743028227 0.00019143684202948004 0.00041812941152353833 0.0005028709084075344 0.0003717312743028227 
22 0.0004107578895388061 0.00023504400138064273 0.00047325228621042874 0.0005182703015972274 0.0004107578895388061 
23 0.0003491939817696821 0.00018811496238803398 0.0003966404870640622 0.0004618042304588007 0.0003491939817696821 
24 0.0003522415733507333 0.0001993018902935009 0.0004047164062293036 0.0005775174743068029 0.0003522415733507333 
25 0.0003520531646762301 0.0002069067427043187 0.0004083525816436819 0.0004414578571408092 0.0003520531646762301 
26 0.0003584250669822943 0.00019900035860781633 0.0004099630121941511 0.000572576064657831 0.0003584250669822943 
27 0.0003707768285537435 0.00022960965795508224 0.0004361147230014391 0.0006077562323674459 0.0003707768285537435 
28 0.0004014006565648663 0.00021975767751003083 0.00045761984650505316 0.0005564002649931585 0.0004014006565648663 
29 0.00037502846063939573 0.00021504259898128838 0.0004323073740594555 0.0004703396408922842 0.00037502846063939573 
30 0.00033715976041413147 0.0001989968651174196 0.0003915053720820125 0.0004709997382272348 0.00033715976041413147 
31 0.000374284834996769 0.0002327784378285755 0.0004407663086335781 0.0005131210452459017 0.000374284834996769 
32 0.0003547937300307198 0.00019251341381674943 0.00040365827796353965 0.0005738728780788376 0.0003547937300307198 
33 0.0003845361387036772 0.00018453109214094221 0.0004265205340143222 0.0006020222852963952 0.0003845361387036772 
34 0.00031149047726099704 0.00018247286755393297 0.00036100230583424104 0.00048222220766430896 0.00031149047726099704 
35 0.0003330490243199475 0.00019330781800964785 0.0003850838416554506 0.0005219290503487609 0.0003330490243199475 
36 0.00041353663877917175 0.0002457387659501034 0.00048104063518943476 0.0005980996807714615 0.00041353663877917175 
37 0.00046210217108240984 0.00023427089109382502 0.0005180938784940154 0.0006607056087832189 0.00046210217108240984 
38 0.0003927196359621935 0.00024379524071176646 0.00046223893373880347 0.0005478469133503961 0.0003927196359621935 
39 0.00037079794451952284 0.00021073151112731742 0.00042649605559946964 0.00045504764660947916 0.00037079794451952284 
40 0.00038157649364122496 0.0002091961819592865 0.0004351593536233304 0.00046523758587273007 0.00038157649364122496 
41 0.000323024543312069 0.0001651400115781732 0.00036278930387486605 0.0005249557797899524 0.000323024543312069 
42 0.00039972145307338406 0.00023150593199574362 0.00046192232744944833 0.0004961203202369378 0.00039972145307338406 
43 0.00036151256732774894 0.00022338081077961393 0.00042495920152463794 0.0005556579564821604 0.00036151256732774894 
44 0.00040125168060707074 0.0002500034028592434 0.0004727627445465641 0.000615341717275946 0.00040125168060707074 
45 0.0005067947497786141 0.0002464381149095145 0.0005635358576730705 0.0007549754858372184 0.0005067947497786141 
46 0.0003884539091151054 0.0002265948703830216 0.00044971288039226187 0.0006137373602452875 0.0003884539091151054 
47 0.00035079588311260875 0.00021046124390175337 0.0004090864050459614 0.0005762344653230242 0.00035079588311260875 
48 0.0003752543258129686 0.00019905392675457652 0.00042478026648817146 0.0006282597418929342 0.0003752543258129686 
49 0.00036595515650049946 0.00019027527879800397 0.00041246558437154875 0.0005471717615435669 0.00036595515650049946 
50 0.00034159422743434194 0.0001921115262099035 0.0003919100084447492 0.0004752007817291603 0.00034159422743434194 
51 0.0003417990962806547 0.00019412229380953177 0.00039307771136525466 0.0005248145668483483 0.0003417990962806547 
52 0.00036244564624782823 0.00021242530129794728 0.0004201087420127431 0.000444828713323428 0.00036244564624782823 
53 0.00027849764474143667 0.00016757507780640633 0.00032502668325592993 0.0004127628493109416 0.00027849764474143667 
54 0.00036730735760072365 0.000212890712750831 0.0004245434612889271 0.0005015130381581188 0.00036730735760072365 
55 0.0003516922485042208 0.00020771314038070323 0.00040845095953464025 0.0005089095707403454 0.0003516922485042208 
56 0.0003513705111020872 0.00020709655166859997 0.0004078605371755977 0.0004943542810346374 0.0003513705111020872 
57 0.00038707978443704914 0.00020724820502046736 0.00043907012879953257 0.0006321718808051021 0.00038707978443704914 
58 0.0003062569505111331 0.00018629657636944945 0.00035846859570031614 0.0004592687444821599 0.0003062569505111331 
59 0.00032330716611362595 0.00018754053195174926 0.00037376326034693243 0.0005139208431466176 0.00032330716611362595 
60 0.00034466528809673415 0.00020218719747100872 0.0003995920715429492 0.00045600290577464843 0.00034466528809673415 
61 0.0003768656188092265 0.00021629761922470713 0.0004345254362206401 0.0006333403818029093 0.0003768656188092265 
62 0.00033376756271541046 0.00020064447540587012 0.0003894341939684833 0.0005517276065970923 0.00033376756271541046 
63 0.000332720752772177 0.0001852762229772015 0.0003808285416378109 0.0005551125114049203 0.000332720752772177 
64 0.00038319473988335625 0.00020962283529012306 0.0004367836326481833 0.0005735459020400057 0.00038319473988335625 
65 0.00045517589477574904 0.0002911343002069013 0.0005403186799860485 0.0006317240975649266 0.00045517589477574904 
66 0.0004739168237809344 0.00023361985559309546 0.0005283705071159329 0.000665943484344591 0.0004739168237809344 
67 0.0003278473735011889 0.0001748823347309552 0.00037157466451922947 0.0005256876620417878 0.0003278473735011889 
68 0.0003721766392584584 0.00020106766338274612 0.0004230173236026132 0.0004856742338825353 0.0003721766392584584 
69 0.00035515123600259713 0.00020296137247112088 0.00040905466523379676 0.0005757713852360694 0.00035515123600259713 
70 0.00037132372328943346 0.00020941387338017025 0.00042630444267168237 0.0004747643914979604 0.00037132372328943346 
71 0.0003385894090581945 0.00019903301438169174 0.0003927555585096665 0.000555738179868263 0.0003385894090581945 
72 0.00036330624778321136 0.0002174490945479041 0.0004234094217161676 0.00045721029675140366 0.00036330624778321136 
73 0.00037944767378074776 0.00020173989188867803 0.00042974355273450726 0.0005999324548978535 0.00037944767378074776 
74 0.00034917771013315665 0.00021599721281644133 0.000410584789292426 0.000593619861488485 0.00034917771013315665 
75 0.00036755202527567727 0.00019511532679032404 0.0004161303666313563 0.0005167591687841707 0.00036755202527567727 
76 0.0005283568414140786 0.00028311675931419575 0.0005994297717611581 0.0012840487561893467 0.0005283568414140786 
77 0.00039789594178992437 0.0002142281689610975 0.0004519014149892822 0.000579473391567234 0.00039789594178992437 
78 0.0003406737521724402 0.0001978724487572211 0.00039396968334686405 0.0005645387556994024 0.0003406737521724402 
79 0.0002853004606060568 0.00016111212291453425 0.0003276483922927994 0.00041574237071419744 0.0002853004606060568 
80 0.0003270842441632085 0.0001875830526661541 0.0003770563677056396 0.00042331126473854326 0.0003270842441632085 
81 0.0004002997214688441 0.0002180636526643587 0.00045584166507829914 0.0005371671436554379 0.0004002997214688441 
82 0.0004567477307323855 0.0002199936956757547 0.0005069671741506152 0.0008401964112500733 0.0004567477307323855 
83 0.0003481287932553645 0.00021072469222251203 0.0004069380205949166 0.0005041737607987827 0.0003481287932553645 
84 0.00034431310202867935 0.00019869780753352834 0.0003975328048692874 0.0005919203608346073 0.00034431310202867935 
85 0.000393194312535695 0.00024077731371046298 0.0004610590875452348 0.0006392972974890642 0.000393194312535695 
86 0.0003464577541138177 0.0001984017265698605 0.00039924456225663517 0.00042280488826815455 0.0003464577541138177 
87 0.0002891962897781082 0.00017776812585947732 0.0003394642847090317 0.00045955193866019237 0.0002891962897781082 
88 0.0003159282013075925 0.00018613825520523363 0.00036668525799696304 0.0005602278531041213 0.0003159282013075925 
89 0.00038139612029359734 0.0002007075450325217 0.0004309832006099424 0.0005449737150519205 0.00038139612029359734 
90 0.00037256791002349626 0.00018306477391549268 0.00041511391090639984 0.0006163087536001554 0.00037256791002349626 
91 0.00038726291675828623 0.00022237215419675804 0.0004465668389594575 0.000597850316528132 0.00038726291675828623 
92 5.8176986621468325 9.764499481312049 11.366224872141508 34.64072409662086 5.8176986621468325 
93 0.0003777221465477916 0.00021365968099286588 0.0004339636842808907 0.00046947131796489937 0.0003777221465477916 
94 0.00036521191789077494 0.00022014092030945456 0.00042642909113257244 0.0006109449408985313 0.00036521191789077494 
95 0.00035802235402640405 0.00021020087362696703 0.00041516793380046586 0.000532901302248364 0.00035802235402640405 
96 0.0003685365750675544 0.0002153766016781466 0.00042685628461222185 0.0005339270697267315 0.0003685365750675544 
97 0.0003254410812827833 0.00018630881292591226 0.0003749971615364171 0.000558195847876309 0.0003254410812827833 
98 0.0003964016962704029 0.00023324212001513286 0.0004599306375478877 0.0005812242112133036 0.0003964016962704029 
99 0.0004959620821272086 0.00023650592948294916 0.0005494665063391488 0.0013126699266727535 0.0004959620821272086 
